2670628346
2971540723
2927542027
2562968836
2976409348
2996637748
2565540604
3018447913
2818520696
2563410612
2903065706
2634682993
2796081796
3008407784
2687866031
3001692619
2864843929
2836168677
2563815443
2824854732
3013399263
3045628845
2822950837
2890863160
3033802020
3009881290
2958674071
2645058109
2564503881
3006784849
2819534268
2965168591
3069195391
3131402417
3126202997
2822925665
2856742618
2962469055
2803799129
2899871898
2815010161
2828370879
2823524728
2877850919
2979448082
2811905172
2826615136
3014421997
2825074771
3088232292
2832487441
2877696929
2827446882