3311481926
2562968836
2565540604
3010989007
3018447913
2818520696
2563410612
3278452068
2864849706
2687866031
2971540723
2864843929
2836168677
3159258290
3200892125
3070430423
3315776474
2899871898
3358243232
3006784849
2856742618
2965168591
3018279603
3131402417
3126202997
3275032535
2822925665
3313776335
3199815681
3315564370
2803799129
2601885797
2976409348
3168223097
2823524728
3024672193
3148310222
3086919933
2903065706
2796081796
2999829647
2954712744
3244873353
3001692619
2563815443
2824854732
3045628845
2890863160
3009881290
2645058109
2564503881
3368436589
2962469055
3069195391
3232991031
2819534268
3297454872
2877850919
3033802020
3269610671
2979448082
2927542027
3014421997
2825074771
2827446882
2832487441
2597324266
3006139970
2877696929
2958674071
